-0.5224882 0.2131434 1.436
-0.4235559 0.214389 1.443
-0.3413554 0.210573 1.442
-0.2398464 0.211038 1.443
-0.1418786 0.2115773 1.445
-0.04335498 0.2118566 1.446
0.05950603 0.2125769 1.451
0.1587649 0.2128616 1.454
0.2570945 0.2121605 1.451
0.3568946 0.2127253 1.457
-0.5240604 0.1120864 1.44
-0.4232061 0.1123104 1.441
-0.3236515 0.1131308 1.449
-0.2251653 0.1132373 1.448
-0.1416455 0.1128108 1.441
-0.04343711 0.11336 1.447
0.05957922 0.1097033 1.451
0.1582851 0.1133388 1.448
0.2575162 0.1134938 1.452
0.3569095 0.1136143 1.456
-0.5405608 0.01421919 1.432
-0.423014 0.01432167 1.44
-0.3261055 0.01829693 1.442
-0.228567 0.01835389 1.444
-0.1383535 0.01841458 1.447
-0.04342914 0.01445942 1.446
0.05560134 0.01449871 1.45
0.1585783 0.01448615 1.45
0.2576209 0.01448503 1.452
0.3567775 0.01448916 1.455
-0.5276148 -0.07952195 1.439
-0.4277417 -0.07984985 1.443
-0.3382346 -0.08003125 1.444
-0.2396273 -0.08387385 1.44
-0.1419707 -0.08421974 1.444
-0.04362714 -0.08480526 1.453
0.05942636 -0.08444951 1.447
0.1565017 -0.08560806 1.468
0.2575629 -0.08455086 1.452
0.3572051 -0.08469538 1.457
-0.532151 -0.1774519 1.441
-0.4311527 -0.1777616 1.442
-0.3301972 -0.1782862 1.444
-0.232094 -0.1784344 1.443
-0.1339679 -0.1787704 1.444
-0.04346283 -0.1834424 1.449
0.05552955 -0.183561 1.45
0.1553878 -0.1885383 1.459
0.2575322 -0.1835616 1.453
0.3557573 -0.1831519 1.452
-0.5281593 -0.27916 1.441
-0.4272781 -0.2797186 1.443
-0.3259353 -0.2841581 1.444
-0.2275405 -0.2839109 1.441
-0.1296521 -0.2804684 1.442
-0.04321239 -0.2847071 1.443
0.05524836 -0.2850913 1.445
0.1542052 -0.2859029 1.45
0.2575745 -0.2826288 1.455
0.3601099 -0.2822658 1.455
-0.5345814 -0.3759944 1.437
-0.4345826 -0.3772698 1.442
-0.3332091 -0.3777672 1.443
-0.2360324 -0.3791305 1.447
-0.1420709 -0.384371 1.451
-0.03152653 -0.3806127 1.451
0.05534082 -0.3842523 1.45
0.1543793 -0.3851368 1.454
0.2539703 -0.3861707 1.459
0.3548495 -0.3876638 1.451
-0.531104 -0.477845 1.437
-0.4406093 -0.4810272 1.436
-0.3288467 -0.4790705 1.442
-0.2280542 -0.4851504 1.448
-0.1408901 -0.4790704 1.441
-0.03138695 -0.4811871 1.447
0.07115874 -0.4870786 1.453
0.1698403 -0.4830105 1.453
0.2524815 -0.4864458 1.452
0.3549235 -0.4863129 1.452
-0.5325429 -0.580964 1.438
-0.4308101 -0.5810875 1.441
-0.3319157 -0.5794022 1.438
-0.2312642 -0.5816638 1.444
-0.1329606 -0.5804524 1.441
-0.03124881 -0.5808789 1.442
0.06281655 -0.5777665 1.444
0.1689129 -0.5824596 1.446
0.2553091 -0.586421 1.446
0.3543269 -0.5838981 1.449
-0.538761 -0.6778517 1.439
-0.4389049 -0.6794198 1.438
-0.3363881 -0.6781894 1.438
-0.2344575 -0.6814955 1.438
-0.136957 -0.6826033 1.441
-0.03909574 -0.682958 1.442
0.06271189 -0.6824999 1.441
0.1611632 -0.6810558 1.446
0.2597043 -0.6818907 1.447
0.3591738 -0.6840353 1.45






































