-0.5458254 0.2140241 2.944
-0.4501185 0.2143303 2.946
-0.3464198 0.214845 2.951
-0.2576209 0.214729 2.948
-0.1529588 0.2148145 2.948
-0.0562828 0.2149287 2.949
0.04051627 0.2151505 2.952
0.1453687 0.2150378 2.951
0.2422625 0.2070453 2.953
0.3470998 0.207001 2.954
-0.5459581 0.1177026 2.944
-0.4499322 0.1177936 2.944
-0.3459311 0.1179587 2.946
-0.2576974 0.1180966 2.948
-0.1531615 0.1182651 2.951
-0.05635764 0.1183285 2.952
0.0405152 0.1182902 2.951
0.1454627 0.1183078 2.952
0.2421632 0.1182255 2.951
0.346953 0.1181988 2.952
-0.5462015 0.01330392 2.945
-0.4499842 0.01330981 2.944
-0.354245 0.02139155 2.948
-0.25773 0.02140323 2.948
-0.1531297 0.0214266 2.95
-0.05632695 0.02143086 2.95
0.04854315 0.02141651 2.948
0.1453339 0.02141982 2.949
0.2423582 0.02144113 2.953
0.3471127 0.02142888 2.953
-0.5530403 -0.08293319 2.939
-0.4575015 -0.08305476 2.941
-0.3538639 -0.08322902 2.945
-0.2571898 -0.08318939 2.942
-0.1530162 -0.08339332 2.948
-0.05620879 -0.08329667 2.944
0.04858942 -0.08349539 2.951
0.1453248 -0.08342348 2.949
0.2417688 -0.0833087 2.946
0.3469748 -0.08343092 2.952
-0.5527457 -0.1790462 2.938
-0.4575609 -0.1794275 2.942
-0.3536639 -0.179679 2.944
-0.2573037 -0.1797746 2.944
-0.1527192 -0.1797859 2.943
-0.05627115 -0.1801264 2.948
0.04851148 -0.1800667 2.947
0.1451906 -0.1800342 2.947
0.2417932 -0.1799709 2.947
0.3468961 -0.1801759 2.952
-0.5527372 -0.2832121 2.939
-0.457383 -0.2837092 2.942
-0.3538761 -0.284388 2.947
-0.2571906 -0.2842437 2.944
-0.1529091 -0.2847402 2.948
-0.05622606 -0.2846968 2.947
0.04855486 -0.2850854 2.951
0.1453214 -0.285036 2.951
0.2418504 -0.2847464 2.949
0.3468678 -0.2849801 2.953
-0.5526788 -0.3793277 2.94
-0.4566931 -0.3794605 2.939
-0.3532094 -0.3802252 2.943
-0.2571353 -0.3806677 2.945
-0.1528212 -0.3811954 2.948
-0.05623133 -0.3813923 2.949
0.04846068 -0.3811364 2.947
0.1452869 -0.3817203 2.952
0.2417153 -0.38121 2.949
0.3464492 -0.3812753 2.951
-0.5519816 -0.4828754 2.938
-0.4562449 -0.48318 2.938
-0.3527242 -0.4839636 2.941
-0.2567724 -0.4845087 2.943
-0.1524461 -0.4846732 2.943
-0.05605448 -0.484588 2.942
0.04844271 -0.4775632 2.948
0.1451362 -0.4779759 2.951
0.2496751 -0.4776564 2.95
0.3463445 -0.4777701 2.952
-0.551277 -0.5781608 2.936
-0.4554772 -0.57829 2.935
-0.3522301 -0.5793914 2.939
-0.2564022 -0.5800201 2.941
-0.1523251 -0.5805938 2.943
-0.05602821 -0.5806805 2.943
0.04831835 -0.5806841 2.943
0.1447168 -0.5809981 2.945
0.2489614 -0.5806279 2.944
0.3452529 -0.5805953 2.945
-0.5505342 -0.6811352 2.934
-0.4552907 -0.6819274 2.936
-0.3515808 -0.682246 2.936
-0.2560906 -0.6834161 2.94
-0.152145 -0.6760985 2.942
-0.05594201 -0.6759586 2.941
0.04829318 -0.6766517 2.944
0.1445945 -0.6767982 2.945
0.248675 -0.6761601 2.943
0.344989 -0.6763834 2.945


